sensor: sn0122_PORT
focal_length: 60.268
principal_point: 0.246 -0.047 
image_size: 7212.0 5408.0
pixel_size: 0.0068
d0: 1 -0.021
d1: 2 -0.164
d2: 3 -0.554
d3: 4 -1.311
d4: 5 -2.554
d5: 6 -4.402
d6: 7 -6.969
d7: 8 -10.364
d8: 9 -14.695
d9: 10 -20.063
d10: 11 -26.564
d11: 12 -34.286
d12: 13 -43.313
d13: 14 -53.717
d14: 15 -65.565
d15: 16 -78.913
d16: 17 -93.805
d17: 18 -110.275
d18: 19 -128.343
d19: 20 -148.018
d20: 21 -169.290
d21: 22 -192.138
d22: 23 -216.518
d23: 24 -242.373
d24: 25 -269.622
d25: 26 -298.164
d26: 27 -327.874
d27: 28 -358.605
d28: 29 -390.180
d29: 30 -422.396
d30: 31 -455.019
distortion_units: microns
