sensor: sn1011_STBD
focal_length: 60.192
principal_point: 0.048 0.152 
image_size: 7212.0 5408.0
pixel_size: 0.0068
d0: 1 -0.019
d1: 2 -0.150
d2: 3 -0.506
d3: 4 -1.199
d4: 5 -2.341
d5: 6 -4.044
d6: 7 -6.420
d7: 8 -9.578
d8: 9 -13.627
d9: 10 -18.675
d10: 11 -24.826
d11: 12 -32.181
d12: 13 -40.837
d13: 14 -50.885
d14: 15 -62.407
d15: 16 -75.477
d16: 17 -90.160
d17: 18 -106.504
d18: 19 -124.544
d19: 20 -144.294
d20: 21 -165.747
d21: 22 -188.869
d22: 23 -213.597
d23: 24 -239.835
d24: 25 -267.446
d25: 26 -296.250
d26: 27 -326.016
d27: 28 -356.458
d28: 29 -387.228
d29: 30 -417.905
d30: 31 -447.994
distortion_units: microns
