sensor: sn8006_560
focal_length: 51.782
principal_point: 0.210 -0.178
image_size: 8964.0 6716.0
pixel_size: 0.006
d0: 1 -0.012
d1: 2 -0.097
d2: 3 -0.329
d3: 4 -0.781
d4: 5 -1.529
d5: 6 -2.650
d6: 7 -4.223
d7: 8 -6.328
d8: 9 -9.045
d9: 10 -12.457
d10: 11 -16.646
d11: 12 -21.693
d12: 13 -27.676
d13: 14 -34.670
d14: 15 -42.743
d15: 16 -51.954
d16: 17 -62.349
d17: 18 -73.962
d18: 19 -86.803
d19: 20 -100.860
d20: 21 -116.091
d21: 22 -132.419
d22: 23 -149.725
d23: 24 -167.839
d24: 25 -186.536
d25: 26 -205.524
d26: 27 -224.435
d27: 28 -242.815
d28: 29 -260.115
d29: 30 -275.673
d30: 31 -288.707
d31: 32 -298.298
d32: 33 -303.374
d33: 34 -302.696
distortion_units: microns
