sensor: sn8004_580
focal_length: 51.588
principal_point: -0.133 0.266
image_size: 10328.0 7760.0
pixel_size: 0.0052
d0: 1 -0.014
d1: 2 -0.112
d2: 3 -0.376
d3: 4 -0.890
d4: 5 -1.734
d5: 6 -2.987
d6: 7 -4.726
d7: 8 -7.026
d8: 9 -9.956
d9: 10 -13.585
d10: 11 -17.975
d11: 12 -23.186
d12: 13 -29.271
d13: 14 -36.278
d14: 15 -44.250
d15: 16 -53.224
d16: 17 -63.230
d17: 18 -74.290
d18: 19 -86.420
d19: 20 -99.628
d20: 21 -113.913
d21: 22 -129.268
d22: 23 -145.673
d23: 24 -163.103
d24: 25 -181.521
d25: 26 -200.881
d26: 27 -221.128
d27: 28 -242.194
d28: 29 -264.002
d29: 30 -286.465
d30: 31 -309.482
d31: 32 -332.944
d32: 33 -356.729
d33: 34 -380.701
distortion_units: microns
